[CommonButtonGray_01]
SetIndex: 221
ItemCount: 5
430,0,0,346,130,0,0
430,346,0,346,130,0,0
430,692,0,346,130,0,0
430,346,0,346,130,0,0
430,692,0,346,130,0,0

[CommonButtonGreen_02]
SetIndex: 222
ItemCount: 5
431,0,0,346,130,0,0
431,346,0,346,130,0,0
431,692,0,346,130,0,0
431,346,0,346,130,0,0
431,692,0,346,130,0,0

[CommonButtonOrange_03]
SetIndex: 223
ItemCount: 5
432,0,0,346,130,0,0
432,346,0,346,130,0,0
432,692,0,346,130,0,0
432,346,0,346,130,0,0
432,692,0,346,130,0,0

[CommonButton_01]
SetIndex: 231
ItemCount: 5
439,0,0,162,162,0,0
439,162,0,162,162,0,0
439,324,0,162,162,0,0
439,162,0,162,162,0,0
439,324,0,162,162,0,0

[CommonButton_02]
SetIndex: 232
ItemCount: 5
440,0,0,130,130,0,0
440,130,0,130,130,0,0
440,260,0,130,130,0,0
440,130,0,130,130,0,0
440,260,0,130,130,0,0
