[Cursor]
SetIndex: 0
ItemCount: 5
0,0,0,32,32,0,0
0,32,0,32,32,0,0
0,64,0,32,32,0,0
0,96,0,32,32,0,0
0,128,0,32,32,0,0

[Minimap_Dir]
SetIndex: 3
ItemCount: 1
0,192,0,16,16,0,0

[Minimap]
SetIndex: 11
ItemCount: 1
4,0,0,384,384,0,0

[Title_1]
SetIndex: 12
ItemCount: 1
5,0,0,256,256,0,0

[Title_2]
SetIndex: 13
ItemCount: 1
6,0,0,256,256,0,0

[Button_Chat]
SetIndex: 25
ItemCount: 5
400,0,120,62,63,0,0
400,63,120,62,63,0,0
400,63,120,62,63,0,0
400,125,120,62,63,0,0
400,125,120,62,63,0,0

[Captcha]
SetIndex: 136
ItemCount: 1
500,0,0,150,50,0,0

[Green_Number]
SetIndex: 137
ItemCount: 16
115,0,0,26,29,0,0
115,27,0,14,29,0,0
115,41,0,23,29,0,0
115,64,0,21,29,0,0
115,85,0,22,29,0,0
115,107,0,20,29,0,0
115,127,0,22,29,0,0
115,150,0,21,29,0,0
115,171,0,23,29,0,0
115,194,0,24,29,0,0
115,218,1,24,28,0,0
115,0,144,83,30,0,0
115,83,144,19,30,0,0
115,101,144,16,30,0,0
115,242,1,12,30,0,0
115,216,144,40,30,0,0

[Blue_Number]
SetIndex: 138
ItemCount: 12
115,0,30,26,30,0,0
115,27,30,14,29,0,0
115,41,30,23,29,0,0
115,64,30,21,29,0,0
115,85,30,22,29,0,0
115,107,30,20,29,0,0
115,127,30,22,29,0,0
115,150,30,21,29,0,0
115,171,30,23,29,0,0
115,194,30,24,29,0,0
115,218,30,24,29,0,0
115,242,30,12,30,0,0

[Yellow_Number]
SetIndex: 139
ItemCount: 12
115,0,60,26,29,0,0
115,27,60,14,29,0,0
115,41,60,23,29,0,0
115,64,60,21,29,0,0
115,85,60,22,29,0,0
115,107,60,20,29,0,0
115,127,60,22,29,0,0
115,150,60,21,29,0,0
115,171,60,23,29,0,0
115,194,60,24,29,0,0
115,218,60,24,29,0,0
115,242,60,12,30,0,0

[Red_Number]
SetIndex: 140
ItemCount: 13
115,0,90,26,54,0,0
115,27,90,14,54,0,0
115,41,90,23,54,0,0
115,64,90,21,54,0,0
115,85,90,22,54,0,0
115,107,90,20,54,0,0
115,127,90,22,54,0,0
115,150,90,21,54,0,0
115,171,90,23,54,0,0
115,194,90,24,54,0,0
115,218,90,24,54,0,0
115,117,143,100,31,0,0
115,242,90,12,30,0,0

[Orange_Number]
SetIndex: 141
ItemCount: 12
115,133,216,36,40,0,0
115,0,175,26,42,0,0
115,26,175,35,42,0,0
115,61,175,30,42,0,0
115,91,175,36,42,0,0
115,127,176,35,41,0,0
115,0,216,31,40,0,0
115,31,216,31,40,0,0
115,62,216,32,40,0,0
115,95,216,35,40,0,0
115,168,175,29,40,0,0
115,168,216,29,39,0,0

[Crown]
SetIndex: 151
ItemCount: 1
0,0,32,32,32,0,0

[Button_Memo]
SetIndex: 153
ItemCount: 5
0,32,38,32,23,0,0
0,64,38,32,23,0,0
0,64,38,32,23,0,0
0,32,38,32,23,0,0
0,32,38,32,23,0,0

[Button_Alert_1]
SetIndex: 154
ItemCount: 5
0,96,38,32,23,0,0
0,128,38,32,23,0,0
0,128,38,32,23,0,0
0,96,38,32,23,0,0
0,96,38,32,23,0,0

[Button_Alert_2]
SetIndex: 155
ItemCount: 5
0,160,38,32,23,0,0
0,192,38,32,23,0,0
0,192,38,32,23,0,0
0,160,38,32,23,0,0
0,160,38,32,23,0,0

[Panel_Connect_Character]
SetIndex: 179
ItemCount: 1
128,0,0,249,370,0,0

[Panel_Create_Character]
SetIndex: 181
ItemCount: 1
129,0,0,250,393,0,0

[ProgressBar_Create_Character]
SetIndex: 182
ItemCount: 1
129,0,392,255,11,0,0

[Icons_NewAmulet]
SetIndex: 199
ItemCount: 153
131,0,0,32,32,0,0
131,32,0,32,32,0,0
131,64,0,32,32,0,0
131,96,0,32,32,0,0
131,128,0,32,32,0,0
131,160,0,32,32,0,0
131,192,0,32,32,0,0
131,224,0,32,32,0,0
131,256,0,32,32,0,0
131,288,0,32,32,0,0
131,320,0,32,32,0,0
131,352,0,32,32,0,0
131,384,0,32,32,0,0
131,416,0,32,32,0,0
131,448,0,32,32,0,0
131,480,0,32,32,0,0
131,0,32,32,32,0,0
131,32,32,32,32,0,0
131,64,32,32,32,0,0
131,96,32,32,32,0,0
131,128,32,32,32,0,0
131,160,32,32,32,0,0
131,192,32,32,32,0,0
131,224,32,32,32,0,0
131,256,32,32,32,0,0
131,288,32,32,32,0,0
131,320,32,32,32,0,0
131,352,32,32,32,0,0
131,384,32,32,32,0,0
131,416,32,32,32,0,0
131,448,32,32,32,0,0
131,480,32,32,32,0,0
131,0,64,32,32,0,0
131,32,64,32,32,0,0
131,64,64,32,32,0,0
131,96,64,32,32,0,0
131,128,64,32,32,0,0
131,160,64,32,32,0,0
131,192,64,32,32,0,0
131,224,64,32,32,0,0
131,256,64,32,32,0,0
131,288,64,32,32,0,0
131,320,64,32,32,0,0
131,352,64,32,32,0,0
131,384,64,32,32,0,0
131,416,64,32,32,0,0
131,448,64,32,32,0,0
131,480,64,32,32,0,0
131,0,96,32,32,0,0
131,32,96,32,32,0,0
131,64,96,32,32,0,0
131,96,96,32,32,0,0
131,128,96,32,32,0,0
131,160,96,32,32,0,0
131,192,96,32,32,0,0
131,224,96,32,32,0,0
131,256,96,32,32,0,0
131,288,96,32,32,0,0
131,320,96,32,32,0,0
131,352,96,32,32,0,0
131,384,96,32,32,0,0
131,416,96,32,32,0,0
131,448,96,32,32,0,0
131,480,96,32,32,0,0
131,0,128,32,32,0,0
131,32,128,32,32,0,0
131,64,128,32,32,0,0
131,96,128,32,32,0,0
131,128,128,32,32,0,0
131,160,128,32,32,0,0
131,192,128,32,32,0,0
131,224,128,32,32,0,0
131,256,128,32,32,0,0
131,288,128,32,32,0,0
131,320,128,32,32,0,0
131,352,128,32,32,0,0
131,384,128,32,32,0,0
131,416,128,32,32,0,0
131,448,128,32,32,0,0
131,480,128,32,32,0,0
131,0,160,32,32,0,0
131,32,160,32,32,0,0
131,64,160,32,32,0,0
131,96,160,32,32,0,0
131,128,160,32,32,0,0
131,160,160,32,32,0,0
131,192,160,32,32,0,0
131,224,160,32,32,0,0
131,256,160,32,32,0,0
131,288,160,32,32,0,0
131,320,160,32,32,0,0
131,352,160,32,32,0,0
131,384,160,32,32,0,0
131,416,160,32,32,0,0
131,448,160,32,32,0,0
131,480,160,32,32,0,0
131,0,192,32,32,0,0
131,32,192,32,32,0,0
131,64,192,32,32,0,0
131,96,192,32,32,0,0
131,128,192,32,32,0,0
131,160,192,32,32,0,0
131,192,192,32,32,0,0
131,224,192,32,32,0,0
131,256,192,32,32,0,0
131,0,256,32,32,0,0
131,32,256,32,32,0,0
131,64,256,32,32,0,0
131,96,256,32,32,0,0
131,128,256,32,32,0,0
131,160,256,32,32,0,0
131,192,256,32,32,0,0
131,224,256,32,32,0,0
131,256,256,32,32,0,0
131,288,256,32,32,0,0
131,320,256,32,32,0,0
131,352,256,32,32,0,0
131,384,256,32,32,0,0
131,416,256,32,32,0,0
131,448,256,32,32,0,0
131,480,256,32,32,0,0
131,0,288,32,32,0,0
131,32,288,32,32,0,0
131,64,288,32,32,0,0
131,96,288,32,32,0,0
131,128,288,32,32,0,0
131,160,288,32,32,0,0
131,192,288,32,32,0,0
131,224,288,32,32,0,0
131,256,288,32,32,0,0
131,288,288,32,32,0,0
131,320,288,32,32,0,0
131,352,288,32,32,0,0
131,384,288,32,32,0,0
131,416,288,32,32,0,0
131,448,288,32,32,0,0
131,480,288,32,32,0,0
131,0,320,32,32,0,0
131,32,320,32,32,0,0
131,64,320,32,32,0,0
131,96,320,32,32,0,0
131,128,320,32,32,0,0
131,160,320,32,32,0,0
131,192,320,32,32,0,0
131,224,320,32,32,0,0
131,256,320,32,32,0,0
131,288,320,32,32,0,0
131,320,320,32,32,0,0
131,352,320,32,32,0,0
131,384,320,32,32,0,0
131,416,320,32,32,0,0
131,448,320,32,32,0,0
131,480,320,32,32,0,0

[Icons_NewAmulet_On]
SetIndex: 200
ItemCount: 169
132,0,0,32,32,0,0
132,32,0,32,32,0,0
132,64,0,32,32,0,0
132,96,0,32,32,0,0
132,128,0,32,32,0,0
132,160,0,32,32,0,0
132,192,0,32,32,0,0
132,224,0,32,32,0,0
132,256,0,32,32,0,0
132,288,0,32,32,0,0
132,320,0,32,32,0,0
132,352,0,32,32,0,0
132,384,0,32,32,0,0
132,416,0,32,32,0,0
132,448,0,32,32,0,0
132,480,0,32,32,0,0
132,0,32,32,32,0,0
132,32,32,32,32,0,0
132,64,32,32,32,0,0
132,96,32,32,32,0,0
132,128,32,32,32,0,0
132,160,32,32,32,0,0
132,192,32,32,32,0,0
132,224,32,32,32,0,0
132,256,32,32,32,0,0
132,288,32,32,32,0,0
132,320,32,32,32,0,0
132,352,32,32,32,0,0
132,384,32,32,32,0,0
132,416,32,32,32,0,0
132,448,32,32,32,0,0
132,480,32,32,32,0,0
132,0,64,32,32,0,0
132,32,64,32,32,0,0
132,64,64,32,32,0,0
132,96,64,32,32,0,0
132,128,64,32,32,0,0
132,160,64,32,32,0,0
132,192,64,32,32,0,0
132,224,64,32,32,0,0
132,256,64,32,32,0,0
132,288,64,32,32,0,0
132,320,64,32,32,0,0
132,352,64,32,32,0,0
132,384,64,32,32,0,0
132,416,64,32,32,0,0
132,448,64,32,32,0,0
132,480,64,32,32,0,0
132,0,96,32,32,0,0
132,32,96,32,32,0,0
132,64,96,32,32,0,0
132,96,96,32,32,0,0
132,128,96,32,32,0,0
132,160,96,32,32,0,0
132,192,96,32,32,0,0
132,224,96,32,32,0,0
132,256,96,32,32,0,0
132,288,96,32,32,0,0
132,320,96,32,32,0,0
132,352,96,32,32,0,0
132,384,96,32,32,0,0
132,416,96,32,32,0,0
132,448,96,32,32,0,0
132,480,96,32,32,0,0
132,0,128,32,32,0,0
132,32,128,32,32,0,0
132,64,128,32,32,0,0
132,96,128,32,32,0,0
132,128,128,32,32,0,0
132,160,128,32,32,0,0
132,192,128,32,32,0,0
132,224,128,32,32,0,0
132,256,128,32,32,0,0
132,288,128,32,32,0,0
132,320,128,32,32,0,0
132,352,128,32,32,0,0
132,384,128,32,32,0,0
132,416,128,32,32,0,0
132,448,128,32,32,0,0
132,480,128,32,32,0,0
132,0,160,32,32,0,0
132,32,160,32,32,0,0
132,64,160,32,32,0,0
132,96,160,32,32,0,0
132,128,160,32,32,0,0
132,160,160,32,32,0,0
132,192,160,32,32,0,0
132,224,160,32,32,0,0
132,256,160,32,32,0,0
132,288,160,32,32,0,0
132,320,160,32,32,0,0
132,352,160,32,32,0,0
132,384,160,32,32,0,0
132,416,160,32,32,0,0
132,448,160,32,32,0,0
132,480,160,32,32,0,0
132,0,192,32,32,0,0
132,32,192,32,32,0,0
132,64,192,32,32,0,0
132,96,192,32,32,0,0
132,128,192,32,32,0,0
132,160,192,32,32,0,0
132,192,192,32,32,0,0
132,224,192,32,32,0,0
132,256,192,32,32,0,0
132,0,256,32,32,0,0
132,32,256,32,32,0,0
132,64,256,32,32,0,0
132,96,256,32,32,0,0
132,128,256,32,32,0,0
132,160,256,32,32,0,0
132,192,256,32,32,0,0
132,224,256,32,32,0,0
132,256,256,32,32,0,0
132,288,256,32,32,0,0
132,320,256,32,32,0,0
132,352,256,32,32,0,0
132,384,256,32,32,0,0
132,416,256,32,32,0,0
132,448,256,32,32,0,0
132,480,256,32,32,0,0
132,0,288,32,32,0,0
132,32,288,32,32,0,0
132,64,288,32,32,0,0
132,96,288,32,32,0,0
132,128,288,32,32,0,0
132,160,288,32,32,0,0
132,192,288,32,32,0,0
132,224,288,32,32,0,0
132,256,288,32,32,0,0
132,288,288,32,32,0,0
132,320,288,32,32,0,0
132,352,288,32,32,0,0
132,384,288,32,32,0,0
132,416,288,32,32,0,0
132,448,288,32,32,0,0
132,480,288,32,32,0,0
132,0,320,32,32,0,0
132,32,320,32,32,0,0
132,64,320,32,32,0,0
132,96,320,32,32,0,0
132,128,320,32,32,0,0
132,160,320,32,32,0,0
132,192,320,32,32,0,0
132,224,320,32,32,0,0
132,256,320,32,32,0,0
132,288,320,32,32,0,0
132,320,320,32,32,0,0
132,352,320,32,32,0,0
132,384,320,32,32,0,0
132,416,320,32,32,0,0
132,448,320,32,32,0,0
132,480,320,32,32,0,0
132,0,224,32,32,0,0
132,32,224,32,32,0,0
132,64,224,32,32,0,0
132,96,224,32,32,0,0
132,128,224,32,32,0,0
132,160,224,32,32,0,0
132,192,224,32,32,0,0
132,224,224,32,32,0,0
132,256,224,32,32,0,0
132,288,224,32,32,0,0
132,320,224,32,32,0,0
132,352,224,32,32,0,0
132,384,224,32,32,0,0
132,416,224,32,32,0,0
132,448,224,32,32,0,0
132,480,224,32,32,0,0

[Container_01]
SetIndex: 201
ItemCount: 1
413,0,0,727,592,0,0

[Container_02]
SetIndex: 202
ItemCount: 1
414,0,0,2334,1514,0,0

[Container_03]
SetIndex: 203
ItemCount: 1
415,0,0,2334,1514,0,0

[Container_04]
SetIndex: 204
ItemCount: 1
416,0,0,475,261,0,0

[Container_05]
SetIndex: 205
ItemCount: 1
417,0,0,615,1386,0,0

[Container_06]
SetIndex: 206
ItemCount: 1
418,0,0,523,1096,0,0

[Container_07]
SetIndex: 207
ItemCount: 1
419,0,0,644,727,0,0

[Container_08]
SetIndex: 208
ItemCount: 1
420,0,0,764,634,0,0

[Container_09]
SetIndex: 209
ItemCount: 1
421,0,0,414,414,0,0

[Container_10]
SetIndex: 210
ItemCount: 1
422,0,0,558,202,0,0

[Container_11]
SetIndex: 211
ItemCount: 1
423,0,0,758,708,0,0

[ProgressBar_Base_01]
SetIndex: 212
ItemCount: 1
424,0,0,1933,119,0,0

[ProgressBar_Bar_01]
SetIndex: 213
ItemCount: 2
424,0,119,1847,52,0,0
424,0,171,1847,52,0,0

[ProgressBar_Base_02]
SetIndex: 214
ItemCount: 1
425,0,0,849,35,0,0

[ProgressBar_Bar_02]
SetIndex: 215
ItemCount: 2
425,0,35,810,3,0,0
425,0,38,810,3,0,0

[SpellSlot_01]
SetIndex: 216
ItemCount: 2
426,0,0,106,106,0,0
426,106,0,106,106,0,0

[ProgressBar_Base_03]
SetIndex: 217
ItemCount: 1
427,0,0,278,278,0,0

[ProgressBar_Bar_03_01]
SetIndex: 218
ItemCount: 2
427,278,0,260,260,0,0
427,798,0,260,260,0,0

[ProgressBar_Bar_03_02]
SetIndex: 219
ItemCount: 2
427,538,0,260,260,0,0
427,798,0,260,260,0,0

[Container_12]
SetIndex: 220
ItemCount: 1
419,646,0,624,707,0,0

[CommonButtonGray_01]
SetIndex: 221
ItemCount: 5
430,0,0,346,130,0,0
430,346,0,346,130,0,0
430,692,0,346,130,0,0
430,346,0,346,130,0,0
430,692,0,346,130,0,0

[CommonButtonGreen_02]
SetIndex: 222
ItemCount: 5
431,0,0,346,130,0,0
431,346,0,346,130,0,0
431,692,0,346,130,0,0
431,346,0,346,130,0,0
431,692,0,346,130,0,0

[CommonButtonOrange_03]
SetIndex: 223
ItemCount: 5
432,0,0,346,130,0,0
432,346,0,346,130,0,0
432,692,0,346,130,0,0
432,346,0,346,130,0,0
432,692,0,346,130,0,0

[IconHandler_01]
SetIndex: 224
ItemCount: 5
434,0,0,147,112,0,0
434,0,0,147,112,0,0
434,0,0,147,112,0,0
434,0,0,147,112,0,0
434,0,0,147,112,0,0

[IconHandler_02]
SetIndex: 225
ItemCount: 5
434,147,0,147,112,0,0
434,147,0,147,112,0,0
434,147,0,147,112,0,0
434,147,0,147,112,0,0
434,147,0,147,112,0,0

[IconHandler_03]
SetIndex: 226
ItemCount: 5
434,294,0,112,147,0,0
434,294,0,112,147,0,0
434,294,0,112,147,0,0
434,294,0,112,147,0,0
434,294,0,112,147,0,0

[IconHandler_04]
SetIndex: 227
ItemCount: 5
434,406,0,112,147,0,0
434,406,0,112,147,0,0
434,406,0,112,147,0,0
434,406,0,112,147,0,0
434,406,0,112,147,0,0

[TextInput_01]
SetIndex: 228
ItemCount: 1
436,0,0,552,92,0,0

[TextInput_Large_01]
SetIndex: 229
ItemCount: 1
437,0,0,941,76,0,0

[IconBarHandler_01]
SetIndex: 230
ItemCount: 1
435,0,0,398,87,0,0

[CommonButton_01]
SetIndex: 231
ItemCount: 5
439,0,0,162,162,0,0
439,162,0,162,162,0,0
439,324,0,162,162,0,0
439,162,0,162,162,0,0
439,324,0,162,162,0,0

[CommonButton_02]
SetIndex: 232
ItemCount: 5
440,0,0,130,130,0,0
440,130,0,130,130,0,0
440,260,0,130,130,0,0
440,130,0,130,130,0,0
440,260,0,130,130,0,0

[Button_Sub_Status]
SetIndex: 236
ItemCount: 5
135,30,422,13,13,0,0
135,45,422,13,13,0,0
135,45,422,13,13,0,0
135,30,422,13,13,0,0
135,30,422,13,13,0,0

[Button_Close_1]
SetIndex: 237
ItemCount: 5
135,0,436,19,17,0,0
135,19,436,19,17,0,0
135,19,436,19,17,0,0
135,0,436,19,17,0,0
135,0,436,19,17,0,0

[Button_Add_Status]
SetIndex: 238
ItemCount: 5
135,0,422,13,13,0,0
135,15,422,13,13,0,0
135,15,422,13,13,0,0
135,0,422,13,13,0,0
135,0,422,13,13,0,0

[Panel_Skill_Character]
SetIndex: 239
ItemCount: 1
136,0,0,227,421,0,0

[Panel_Inventory]
SetIndex: 240
ItemCount: 1
137,0,0,227,421,0,0

[Button_Money_Inventory]
SetIndex: 241
ItemCount: 5
137,0,422,18,17,0,0
137,18,422,18,17,0,0
137,18,422,18,17,0,0
137,0,422,18,17,0,0
137,0,422,18,17,0,0

[Panel_Skill_Master]
SetIndex: 242
ItemCount: 1
138,0,0,227,421,0,0

[Button_Sub_Status]
SetIndex: 243
ItemCount: 5
135,30,422,13,13,0,0
135,45,422,13,13,0,0
135,45,422,13,13,0,0
135,30,422,13,13,0,0
135,30,422,13,13,0,0

[Panel_Cargo]
SetIndex: 245
ItemCount: 1
142,0,0,227,421,0,0

[Help_1]
SetIndex: 248
ItemCount: 1
143,0,0,454,256,0,0

[Help_2]
SetIndex: 249
ItemCount: 1
144,0,0,454,256,0,0

[Help_3]
SetIndex: 250
ItemCount: 1
145,0,0,454,256,0,0

[ProgressBar_Base_04]
SetIndex: 251
ItemCount: 1
428,0,0,398,87,0,0

[ProgressBar_Bar_04_01]
SetIndex: 252
ItemCount: 2
428,0,120,320,33,0,0
428,0,87,320,33,0,0

[ProgressBar_Bar_04_02]
SetIndex: 253
ItemCount: 2
428,0,153,320,33,0,0
428,0,87,320,33,0,0

[ProgressBar_Bar_04_03]
SetIndex: 254
ItemCount: 2
428,0,186,320,33,0,0
428,0,87,320,33,0,0

[ProgressBar_Bar_04_04]
SetIndex: 255
ItemCount: 2
428,0,219,320,33,0,0
428,0,87,320,33,0,0

[ProgressBar_Base_05]
SetIndex: 256
ItemCount: 1
429,0,0,1086,63,0,0

[ProgressBar_Bar_05_01]
SetIndex: 257
ItemCount: 2
429,0,63,1015,25,0,0
429,0,88,1015,25,0,0

[Panel_Store]
SetIndex: 261
ItemCount: 1
141,0,0,227,421,0,0

[combine_lv9_2]
SetIndex: 268
ItemCount: 1
148,0,0,227,282,0,0

[combine_lv9_btn_2]
SetIndex: 269
ItemCount: 1
148,0,285,83,25,0,0

[Button_Summon]
SetIndex: 278
ItemCount: 5
131,320,64,32,32,0,0
132,320,64,32,32,0,0
132,320,64,32,32,0,0
131,320,64,32,32,0,0
131,320,64,32,32,0,0

[Button_Memo]
SetIndex: 279
ItemCount: 5
131,448,224,32,32,0,0
132,448,224,32,32,0,0
132,448,224,32,32,0,0
131,448,224,32,32,0,0
131,448,224,32,32,0,0

[combine_Convert_2]
SetIndex: 298
ItemCount: 1
183,0,0,227,282,0,0

[Gold_Bug]
SetIndex: 316
ItemCount: 1
0,0,67,32,37,0,0

[CombineTansAtt]
SetIndex: 362
ItemCount: 1
227,0,286,80,20,0,0

[CombineTansAtt]
SetIndex: 363
ItemCount: 1
227,0,0,227,285,0,0

[Icon_Hold]
SetIndex: 364
ItemCount: 1
0,96,66,50,36,0,0

[Button_Quest]
SetIndex: 365
ItemCount: 5
0,160,66,37,38,0,0
0,197,66,37,38,0,0
0,197,66,37,38,0,0
0,160,66,37,38,0,0
0,160,66,37,38,0,0

[Panel_Potal]
SetIndex: 366
ItemCount: 1
233,0,0,329,233,0,0

[Button_Scroll_Up]
SetIndex: 423
ItemCount: 5
410,0,28,28,28,0,0
410,28,28,28,28,0,0
410,28,28,28,28,0,0
410,56,28,28,28,0,0
410,56,28,28,28,0,0

[Button_Scroll_Down]
SetIndex: 424
ItemCount: 5
410,0,0,28,28,0,0
410,28,0,28,28,0,0
410,28,0,28,28,0,0
410,56,0,28,28,0,0
410,56,0,28,28,0,0

[Button_Scroll_Handler]
SetIndex: 425
ItemCount: 3
411,0,0,28,73,0,0
411,28,0,28,73,0,0
411,28,0,28,73,0,0

[Button_Scroll_Bar]
SetIndex: 426
ItemCount: 1
412,0,0,14,347,0,0

[Button_Engineer]
SetIndex: 427
ItemCount: 5
400,0,198,62,63,0,0
400,60,198,62,63,0,0
400,60,198,62,63,0,0
400,0,198,62,63,0,0
400,0,198,62,63,0,0

[Panel_CommonBox]
SetIndex: 444
ItemCount: 1
250,0,0,492,420,0,0

[Button_Auto_Off]
SetIndex: 458
ItemCount: 4
305,212,98,29,29,0,0
305,92,98,29,29,0,0
305,61,98,29,29,0,0
305,121,98,29,29,0,0

[Button_Auto_Potion]
SetIndex: 460
ItemCount: 1
305,122,98,29,29,0,0

[Button_Auto_Mount]
SetIndex: 461
ItemCount: 1
305,152,98,29,29,0,0

[Button_Auto_Movement]
SetIndex: 465
ItemCount: 3
305,31,98,29,29,0,0
305,1,98,29,29,0,0
305,242,98,29,29,0,0

[Panel_ServerList]
SetIndex: 467
ItemCount: 1
300,0,0,287,257,0,0

[Panel_Main]
SetIndex: 477
ItemCount: 1
305,2,25,614,69,0,0

[Progress_Exp]
SetIndex: 479
ItemCount: 1
305,2,10,45,4,0,0

[Icon_Skill_Select]
SetIndex: 488
ItemCount: 1
305,250,0,24,5,0,0

[Panel_Menu]
SetIndex: 492
ItemCount: 1
305,280,98,210,30,0,0

[Icon_PK]
SetIndex: 498
ItemCount: 3
305,520,98,13,30,0,0
305,520,98,13,30,0,0
305,520,98,13,30,0,0

[Panel_Login]
SetIndex: 499
ItemCount: 1
309,0,0,255,171,0,0

[Panel_Message_YesNo]
SetIndex: 501
ItemCount: 1
309,0,177,256,163,0,0

[Panel_Message_Bar]
SetIndex: 502
ItemCount: 1
400,0,0,1933,119,0,0

[Panel_System_Menu]
SetIndex: 505
ItemCount: 1
309,0,342,257,170,0,0

[Panel_Input]
SetIndex: 506
ItemCount: 1
309,256,171,257,136,0,0

[Panel_Options]
SetIndex: 514
ItemCount: 1
309,256,307,141,99,0,0

[Panel_Change_Channel]
SetIndex: 521
ItemCount: 1
300,141,0,145,257,0,0

[ItemIcon]
SetIndex: 526
ItemCount: 1000
326,0,0,35,35,0,0
326,35,0,35,35,0,0
326,70,0,35,35,0,0
326,105,0,35,35,0,0
326,140,0,35,35,0,0
326,175,0,35,35,0,0
326,210,0,35,35,0,0
326,245,0,35,35,0,0
326,280,0,35,35,0,0
326,315,0,35,35,0,0
326,0,35,35,35,0,0
326,35,35,35,35,0,0
326,70,35,35,35,0,0
326,105,35,35,35,0,0
326,140,35,35,35,0,0
326,175,35,35,35,0,0
326,210,35,35,35,0,0
326,245,35,35,35,0,0
326,280,35,35,35,0,0
326,315,35,35,35,0,0
326,0,70,35,35,0,0
326,35,70,35,35,0,0
326,70,70,35,35,0,0
326,105,70,35,35,0,0
326,140,70,35,35,0,0
326,175,70,35,35,0,0
326,210,70,35,35,0,0
326,245,70,35,35,0,0
326,280,70,35,35,0,0
326,315,70,35,35,0,0
326,0,105,35,35,0,0
326,35,105,35,35,0,0
326,70,105,35,35,0,0
326,105,105,35,35,0,0
326,140,105,35,35,0,0
326,175,105,35,35,0,0
326,210,105,35,35,0,0
326,245,105,35,35,0,0
326,280,105,35,35,0,0
326,315,105,35,35,0,0
326,0,140,35,35,0,0
326,35,140,35,35,0,0
326,70,140,35,35,0,0
326,105,140,35,35,0,0
326,140,140,35,35,0,0
326,175,140,35,35,0,0
326,210,140,35,35,0,0
326,245,140,35,35,0,0
326,280,140,35,35,0,0
326,315,140,35,35,0,0
326,0,175,35,35,0,0
326,35,175,35,35,0,0
326,70,175,35,35,0,0
326,105,175,35,35,0,0
326,140,175,35,35,0,0
326,175,175,35,35,0,0
326,210,175,35,35,0,0
326,245,175,35,35,0,0
326,280,175,35,35,0,0
326,315,175,35,35,0,0
326,0,210,35,35,0,0
326,35,210,35,35,0,0
326,70,210,35,35,0,0
326,105,210,35,35,0,0
326,140,210,35,35,0,0
326,175,210,35,35,0,0
326,210,210,35,35,0,0
326,245,210,35,35,0,0
326,280,210,35,35,0,0
326,315,210,35,35,0,0
326,0,245,35,35,0,0
326,35,245,35,35,0,0
326,70,245,35,35,0,0
326,105,245,35,35,0,0
326,140,245,35,35,0,0
326,175,245,35,35,0,0
326,210,245,35,35,0,0
326,245,245,35,35,0,0
326,280,245,35,35,0,0
326,315,245,35,35,0,0
326,0,280,35,35,0,0
326,35,280,35,35,0,0
326,70,280,35,35,0,0
326,105,280,35,35,0,0
326,140,280,35,35,0,0
326,175,280,35,35,0,0
326,210,280,35,35,0,0
326,245,280,35,35,0,0
326,280,280,35,35,0,0
326,315,280,35,35,0,0
326,0,315,35,35,0,0
326,35,315,35,35,0,0
326,70,315,35,35,0,0
326,105,315,35,35,0,0
326,140,315,35,35,0,0
326,175,315,35,35,0,0
326,210,315,35,35,0,0
326,245,315,35,35,0,0
326,280,315,35,35,0,0
326,315,315,35,35,0,0
329,0,0,35,35,0,0
329,35,0,35,35,0,0
329,70,0,35,35,0,0
329,105,0,35,35,0,0
329,140,0,35,35,0,0
329,175,0,35,35,0,0
329,210,0,35,35,0,0
329,245,0,35,35,0,0
329,280,0,35,35,0,0
329,315,0,35,35,0,0
329,0,35,35,35,0,0
329,35,35,35,35,0,0
329,70,35,35,35,0,0
329,105,35,35,35,0,0
329,140,35,35,35,0,0
329,175,35,35,35,0,0
329,210,35,35,35,0,0
329,245,35,35,35,0,0
329,280,35,35,35,0,0
329,315,35,35,35,0,0
329,0,70,35,35,0,0
329,35,70,35,35,0,0
329,70,70,35,35,0,0
329,105,70,35,35,0,0
329,140,70,35,35,0,0
329,175,70,35,35,0,0
329,210,70,35,35,0,0
329,245,70,35,35,0,0
329,280,70,35,35,0,0
329,315,70,35,35,0,0
329,0,105,35,35,0,0
329,35,105,35,35,0,0
329,70,105,35,35,0,0
329,105,105,35,35,0,0
329,140,105,35,35,0,0
329,175,105,35,35,0,0
329,210,105,35,35,0,0
329,245,105,35,35,0,0
329,280,105,35,35,0,0
329,315,105,35,35,0,0
329,0,140,35,35,0,0
329,35,140,35,35,0,0
329,70,140,35,35,0,0
329,105,140,35,35,0,0
329,140,140,35,35,0,0
329,175,140,35,35,0,0
329,210,140,35,35,0,0
329,245,140,35,35,0,0
329,280,140,35,35,0,0
329,315,140,35,35,0,0
329,0,175,35,35,0,0
329,35,175,35,35,0,0
329,70,175,35,35,0,0
329,105,175,35,35,0,0
329,140,175,35,35,0,0
329,175,175,35,35,0,0
329,210,175,35,35,0,0
329,245,175,35,35,0,0
329,280,175,35,35,0,0
329,315,175,35,35,0,0
329,0,210,35,35,0,0
329,35,210,35,35,0,0
329,70,210,35,35,0,0
329,105,210,35,35,0,0
329,140,210,35,35,0,0
329,175,210,35,35,0,0
329,210,210,35,35,0,0
329,245,210,35,35,0,0
329,280,210,35,35,0,0
329,315,210,35,35,0,0
329,0,245,35,35,0,0
329,35,245,35,35,0,0
329,70,245,35,35,0,0
329,105,245,35,35,0,0
329,140,245,35,35,0,0
329,175,245,35,35,0,0
329,210,245,35,35,0,0
329,245,245,35,35,0,0
329,280,245,35,35,0,0
329,315,245,35,35,0,0
329,0,280,35,35,0,0
329,35,280,35,35,0,0
329,70,280,35,35,0,0
329,105,280,35,35,0,0
329,140,280,35,35,0,0
329,175,280,35,35,0,0
329,210,280,35,35,0,0
329,245,280,35,35,0,0
329,280,280,35,35,0,0
329,315,280,35,35,0,0
329,0,315,35,35,0,0
329,35,315,35,35,0,0
329,70,315,35,35,0,0
329,105,315,35,35,0,0
329,140,315,35,35,0,0
329,175,315,35,35,0,0
329,210,315,35,35,0,0
329,245,315,35,35,0,0
329,280,315,35,35,0,0
329,315,315,35,35,0,0
330,0,0,35,35,0,0
330,35,0,35,35,0,0
330,70,0,35,35,0,0
330,105,0,35,35,0,0
330,140,0,35,35,0,0
330,175,0,35,35,0,0
330,210,0,35,35,0,0
330,245,0,35,35,0,0
330,280,0,35,35,0,0
330,315,0,35,35,0,0
330,0,35,35,35,0,0
330,35,35,35,35,0,0
330,70,35,35,35,0,0
330,105,35,35,35,0,0
330,140,35,35,35,0,0
330,175,35,35,35,0,0
330,210,35,35,35,0,0
330,245,35,35,35,0,0
330,280,35,35,35,0,0
330,315,35,35,35,0,0
330,0,70,35,35,0,0
330,35,70,35,35,0,0
330,70,70,35,35,0,0
330,105,70,35,35,0,0
330,140,70,35,35,0,0
330,175,70,35,35,0,0
330,210,70,35,35,0,0
330,245,70,35,35,0,0
330,280,70,35,35,0,0
330,315,70,35,35,0,0
330,0,105,35,35,0,0
330,35,105,35,35,0,0
330,70,105,35,35,0,0
330,105,105,35,35,0,0
330,140,105,35,35,0,0
330,175,105,35,35,0,0
330,210,105,35,35,0,0
330,245,105,35,35,0,0
330,280,105,35,35,0,0
330,315,105,35,35,0,0
330,0,140,35,35,0,0
330,35,140,35,35,0,0
330,70,140,35,35,0,0
330,105,140,35,35,0,0
330,140,140,35,35,0,0
330,175,140,35,35,0,0
330,210,140,35,35,0,0
330,245,140,35,35,0,0
330,280,140,35,35,0,0
330,315,140,35,35,0,0
330,0,175,35,35,0,0
330,35,175,35,35,0,0
330,70,175,35,35,0,0
330,105,175,35,35,0,0
330,140,175,35,35,0,0
330,175,175,35,35,0,0
330,210,175,35,35,0,0
330,245,175,35,35,0,0
330,280,175,35,35,0,0
330,315,175,35,35,0,0
330,0,210,35,35,0,0
330,35,210,35,35,0,0
330,70,210,35,35,0,0
330,105,210,35,35,0,0
330,140,210,35,35,0,0
330,175,210,35,35,0,0
330,210,210,35,35,0,0
330,245,210,35,35,0,0
330,280,210,35,35,0,0
330,315,210,35,35,0,0
330,0,245,35,35,0,0
330,35,245,35,35,0,0
330,70,245,35,35,0,0
330,105,245,35,35,0,0
330,140,245,35,35,0,0
330,175,245,35,35,0,0
330,210,245,35,35,0,0
330,245,245,35,35,0,0
330,280,245,35,35,0,0
330,315,245,35,35,0,0
330,0,280,35,35,0,0
330,35,280,35,35,0,0
330,70,280,35,35,0,0
330,105,280,35,35,0,0
330,140,280,35,35,0,0
330,175,280,35,35,0,0
330,210,280,35,35,0,0
330,245,280,35,35,0,0
330,280,280,35,35,0,0
330,315,280,35,35,0,0
330,0,315,35,35,0,0
330,35,315,35,35,0,0
330,70,315,35,35,0,0
330,105,315,35,35,0,0
330,140,315,35,35,0,0
330,175,315,35,35,0,0
330,210,315,35,35,0,0
330,245,315,35,35,0,0
330,280,315,35,35,0,0
330,315,315,35,35,0,0
331,0,0,35,35,0,0
331,35,0,35,35,0,0
331,70,0,35,35,0,0
331,105,0,35,35,0,0
331,140,0,35,35,0,0
331,175,0,35,35,0,0
331,210,0,35,35,0,0
331,245,0,35,35,0,0
331,280,0,35,35,0,0
331,315,0,35,35,0,0
331,0,35,35,35,0,0
331,35,35,35,35,0,0
331,70,35,35,35,0,0
331,105,35,35,35,0,0
331,140,35,35,35,0,0
331,175,35,35,35,0,0
331,210,35,35,35,0,0
331,245,35,35,35,0,0
331,280,35,35,35,0,0
331,315,35,35,35,0,0
331,0,70,35,35,0,0
331,35,70,35,35,0,0
331,70,70,35,35,0,0
331,105,70,35,35,0,0
331,140,70,35,35,0,0
331,175,70,35,35,0,0
331,210,70,35,35,0,0
331,245,70,35,35,0,0
331,280,70,35,35,0,0
331,315,70,35,35,0,0
331,0,105,35,35,0,0
331,35,105,35,35,0,0
331,70,105,35,35,0,0
331,105,105,35,35,0,0
331,140,105,35,35,0,0
331,175,105,35,35,0,0
331,210,105,35,35,0,0
331,245,105,35,35,0,0
331,280,105,35,35,0,0
331,315,105,35,35,0,0
331,0,140,35,35,0,0
331,35,140,35,35,0,0
331,70,140,35,35,0,0
331,105,140,35,35,0,0
331,140,140,35,35,0,0
331,175,140,35,35,0,0
331,210,140,35,35,0,0
331,245,140,35,35,0,0
331,280,140,35,35,0,0
331,315,140,35,35,0,0
331,0,175,35,35,0,0
331,35,175,35,35,0,0
331,70,175,35,35,0,0
331,105,175,35,35,0,0
331,140,175,35,35,0,0
331,175,175,35,35,0,0
331,210,175,35,35,0,0
331,245,175,35,35,0,0
331,280,175,35,35,0,0
331,315,175,35,35,0,0
331,0,210,35,35,0,0
331,35,210,35,35,0,0
331,70,210,35,35,0,0
331,105,210,35,35,0,0
331,140,210,35,35,0,0
331,175,210,35,35,0,0
331,210,210,35,35,0,0
331,245,210,35,35,0,0
331,280,210,35,35,0,0
331,315,210,35,35,0,0
331,0,245,35,35,0,0
331,35,245,35,35,0,0
331,70,245,35,35,0,0
331,105,245,35,35,0,0
331,140,245,35,35,0,0
331,175,245,35,35,0,0
331,210,245,35,35,0,0
331,245,245,35,35,0,0
331,280,245,35,35,0,0
331,315,245,35,35,0,0
331,0,280,35,35,0,0
331,35,280,35,35,0,0
331,70,280,35,35,0,0
331,105,280,35,35,0,0
331,140,280,35,35,0,0
331,175,280,35,35,0,0
331,210,280,35,35,0,0
331,245,280,35,35,0,0
331,280,280,35,35,0,0
331,315,280,35,35,0,0
331,0,315,35,35,0,0
331,35,315,35,35,0,0
331,70,315,35,35,0,0
331,105,315,35,35,0,0
331,140,315,35,35,0,0
331,175,315,35,35,0,0
331,210,315,35,35,0,0
331,245,315,35,35,0,0
331,280,315,35,35,0,0
331,315,315,35,35,0,0
332,0,0,35,35,0,0
332,35,0,35,35,0,0
332,70,0,35,35,0,0
332,105,0,35,35,0,0
332,140,0,35,35,0,0
332,175,0,35,35,0,0
332,210,0,35,35,0,0
332,245,0,35,35,0,0
332,280,0,35,35,0,0
332,315,0,35,35,0,0
332,0,35,35,35,0,0
332,35,35,35,35,0,0
332,70,35,35,35,0,0
332,105,35,35,35,0,0
332,140,35,35,35,0,0
332,175,35,35,35,0,0
332,210,35,35,35,0,0
332,245,35,35,35,0,0
332,280,35,35,35,0,0
332,315,35,35,35,0,0
332,0,70,35,35,0,0
332,35,70,35,35,0,0
332,70,70,35,35,0,0
332,105,70,35,35,0,0
332,140,70,35,35,0,0
332,175,70,35,35,0,0
332,210,70,35,35,0,0
332,245,70,35,35,0,0
332,280,70,35,35,0,0
332,315,70,35,35,0,0
332,0,105,35,35,0,0
332,35,105,35,35,0,0
332,70,105,35,35,0,0
332,105,105,35,35,0,0
332,140,105,35,35,0,0
332,175,105,35,35,0,0
332,210,105,35,35,0,0
332,245,105,35,35,0,0
332,280,105,35,35,0,0
332,315,105,35,35,0,0
332,0,140,35,35,0,0
332,35,140,35,35,0,0
332,70,140,35,35,0,0
332,105,140,35,35,0,0
332,140,140,35,35,0,0
332,175,140,35,35,0,0
332,210,140,35,35,0,0
332,245,140,35,35,0,0
332,280,140,35,35,0,0
332,315,140,35,35,0,0
332,0,175,35,35,0,0
332,35,175,35,35,0,0
332,70,175,35,35,0,0
332,105,175,35,35,0,0
332,140,175,35,35,0,0
332,175,175,35,35,0,0
332,210,175,35,35,0,0
332,245,175,35,35,0,0
332,280,175,35,35,0,0
332,315,175,35,35,0,0
332,0,210,35,35,0,0
332,35,210,35,35,0,0
332,70,210,35,35,0,0
332,105,210,35,35,0,0
332,140,210,35,35,0,0
332,175,210,35,35,0,0
332,210,210,35,35,0,0
332,245,210,35,35,0,0
332,280,210,35,35,0,0
332,315,210,35,35,0,0
332,0,245,35,35,0,0
332,35,245,35,35,0,0
332,70,245,35,35,0,0
332,105,245,35,35,0,0
332,140,245,35,35,0,0
332,175,245,35,35,0,0
332,210,245,35,35,0,0
332,245,245,35,35,0,0
332,280,245,35,35,0,0
332,315,245,35,35,0,0
332,0,280,35,35,0,0
332,35,280,35,35,0,0
332,70,280,35,35,0,0
332,105,280,35,35,0,0
332,140,280,35,35,0,0
332,175,280,35,35,0,0
332,210,280,35,35,0,0
332,245,280,35,35,0,0
332,280,280,35,35,0,0
332,315,280,35,35,0,0
332,0,315,35,35,0,0
332,35,315,35,35,0,0
332,70,315,35,35,0,0
332,105,315,35,35,0,0
332,140,315,35,35,0,0
332,175,315,35,35,0,0
332,210,315,35,35,0,0
332,245,315,35,35,0,0
332,280,315,35,35,0,0
332,315,315,35,35,0,0
333,0,0,35,35,0,0
333,35,0,35,35,0,0
333,70,0,35,35,0,0
333,105,0,35,35,0,0
333,140,0,35,35,0,0
333,175,0,35,35,0,0
333,210,0,35,35,0,0
333,245,0,35,35,0,0
333,280,0,35,35,0,0
333,315,0,35,35,0,0
333,0,35,35,35,0,0
333,35,35,35,35,0,0
333,70,35,35,35,0,0
333,105,35,35,35,0,0
333,140,35,35,35,0,0
333,175,35,35,35,0,0
333,210,35,35,35,0,0
333,245,35,35,35,0,0
333,280,35,35,35,0,0
333,315,35,35,35,0,0
333,0,70,35,35,0,0
333,35,70,35,35,0,0
333,70,70,35,35,0,0
333,105,70,35,35,0,0
333,140,70,35,35,0,0
333,175,70,35,35,0,0
333,210,70,35,35,0,0
333,245,70,35,35,0,0
333,280,70,35,35,0,0
333,315,70,35,35,0,0
333,0,105,35,35,0,0
333,35,105,35,35,0,0
333,70,105,35,35,0,0
333,105,105,35,35,0,0
333,140,105,35,35,0,0
333,175,105,35,35,0,0
333,210,105,35,35,0,0
333,245,105,35,35,0,0
333,280,105,35,35,0,0
333,315,105,35,35,0,0
333,0,140,35,35,0,0
333,35,140,35,35,0,0
333,70,140,35,35,0,0
333,105,140,35,35,0,0
333,140,140,35,35,0,0
333,175,140,35,35,0,0
333,210,140,35,35,0,0
333,245,140,35,35,0,0
333,280,140,35,35,0,0
333,315,140,35,35,0,0
333,0,175,35,35,0,0
333,35,175,35,35,0,0
333,70,175,35,35,0,0
333,105,175,35,35,0,0
333,140,175,35,35,0,0
333,175,175,35,35,0,0
333,210,175,35,35,0,0
333,245,175,35,35,0,0
333,280,175,35,35,0,0
333,315,175,35,35,0,0
333,0,210,35,35,0,0
333,35,210,35,35,0,0
333,70,210,35,35,0,0
333,105,210,35,35,0,0
333,140,210,35,35,0,0
333,175,210,35,35,0,0
333,210,210,35,35,0,0
333,245,210,35,35,0,0
333,280,210,35,35,0,0
333,315,210,35,35,0,0
333,0,245,35,35,0,0
333,35,245,35,35,0,0
333,70,245,35,35,0,0
333,105,245,35,35,0,0
333,140,245,35,35,0,0
333,175,245,35,35,0,0
333,210,245,35,35,0,0
333,245,245,35,35,0,0
333,280,245,35,35,0,0
333,315,245,35,35,0,0
333,0,280,35,35,0,0
333,35,280,35,35,0,0
333,70,280,35,35,0,0
333,105,280,35,35,0,0
333,140,280,35,35,0,0
333,175,280,35,35,0,0
333,210,280,35,35,0,0
333,245,280,35,35,0,0
333,280,280,35,35,0,0
333,315,280,35,35,0,0
333,0,315,35,35,0,0
333,35,315,35,35,0,0
333,70,315,35,35,0,0
333,105,315,35,35,0,0
333,140,315,35,35,0,0
333,175,315,35,35,0,0
333,210,315,35,35,0,0
333,245,315,35,35,0,0
333,280,315,35,35,0,0
333,315,315,35,35,0,0
334,0,0,35,35,0,0
334,35,0,35,35,0,0
334,70,0,35,35,0,0
334,105,0,35,35,0,0
334,140,0,35,35,0,0
334,175,0,35,35,0,0
334,210,0,35,35,0,0
334,245,0,35,35,0,0
334,280,0,35,35,0,0
334,315,0,35,35,0,0
334,0,35,35,35,0,0
334,35,35,35,35,0,0
334,70,35,35,35,0,0
334,105,35,35,35,0,0
334,140,35,35,35,0,0
334,175,35,35,35,0,0
334,210,35,35,35,0,0
334,245,35,35,35,0,0
334,280,35,35,35,0,0
334,315,35,35,35,0,0
334,0,70,35,35,0,0
334,35,70,35,35,0,0
334,70,70,35,35,0,0
334,105,70,35,35,0,0
334,140,70,35,35,0,0
334,175,70,35,35,0,0
334,210,70,35,35,0,0
334,245,70,35,35,0,0
334,280,70,35,35,0,0
334,315,70,35,35,0,0
334,0,105,35,35,0,0
334,35,105,35,35,0,0
334,70,105,35,35,0,0
334,105,105,35,35,0,0
334,140,105,35,35,0,0
334,175,105,35,35,0,0
334,210,105,35,35,0,0
334,245,105,35,35,0,0
334,280,105,35,35,0,0
334,315,105,35,35,0,0
334,0,140,35,35,0,0
334,35,140,35,35,0,0
334,70,140,35,35,0,0
334,105,140,35,35,0,0
334,140,140,35,35,0,0
334,175,140,35,35,0,0
334,210,140,35,35,0,0
334,245,140,35,35,0,0
334,280,140,35,35,0,0
334,315,140,35,35,0,0
334,0,175,35,35,0,0
334,35,175,35,35,0,0
334,70,175,35,35,0,0
334,105,175,35,35,0,0
334,140,175,35,35,0,0
334,175,175,35,35,0,0
334,210,175,35,35,0,0
334,245,175,35,35,0,0
334,280,175,35,35,0,0
334,315,175,35,35,0,0
334,0,210,35,35,0,0
334,35,210,35,35,0,0
334,70,210,35,35,0,0
334,105,210,35,35,0,0
334,140,210,35,35,0,0
334,175,210,35,35,0,0
334,210,210,35,35,0,0
334,245,210,35,35,0,0
334,280,210,35,35,0,0
334,315,210,35,35,0,0
334,0,245,35,35,0,0
334,35,245,35,35,0,0
334,70,245,35,35,0,0
334,105,245,35,35,0,0
334,140,245,35,35,0,0
334,175,245,35,35,0,0
334,210,245,35,35,0,0
334,245,245,35,35,0,0
334,280,245,35,35,0,0
334,315,245,35,35,0,0
334,0,280,35,35,0,0
334,35,280,35,35,0,0
334,70,280,35,35,0,0
334,105,280,35,35,0,0
334,140,280,35,35,0,0
334,175,280,35,35,0,0
334,210,280,35,35,0,0
334,245,280,35,35,0,0
334,280,280,35,35,0,0
334,315,280,35,35,0,0
334,0,315,35,35,0,0
334,35,315,35,35,0,0
334,70,315,35,35,0,0
334,105,315,35,35,0,0
334,140,315,35,35,0,0
334,175,315,35,35,0,0
334,210,315,35,35,0,0
334,245,315,35,35,0,0
334,280,315,35,35,0,0
334,315,315,35,35,0,0
335,0,0,35,35,0,0
335,35,0,35,35,0,0
335,70,0,35,35,0,0
335,105,0,35,35,0,0
335,140,0,35,35,0,0
335,175,0,35,35,0,0
335,210,0,35,35,0,0
335,245,0,35,35,0,0
335,280,0,35,35,0,0
335,315,0,35,35,0,0
335,0,35,35,35,0,0
335,35,35,35,35,0,0
335,70,35,35,35,0,0
335,105,35,35,35,0,0
335,140,35,35,35,0,0
335,175,35,35,35,0,0
335,210,35,35,35,0,0
335,245,35,35,35,0,0
335,280,35,35,35,0,0
335,315,35,35,35,0,0
335,0,70,35,35,0,0
335,35,70,35,35,0,0
335,70,70,35,35,0,0
335,105,70,35,35,0,0
335,140,70,35,35,0,0
335,175,70,35,35,0,0
335,210,70,35,35,0,0
335,245,70,35,35,0,0
335,280,70,35,35,0,0
335,315,70,35,35,0,0
335,0,105,35,35,0,0
335,35,105,35,35,0,0
335,70,105,35,35,0,0
335,105,105,35,35,0,0
335,140,105,35,35,0,0
335,175,105,35,35,0,0
335,210,105,35,35,0,0
335,245,105,35,35,0,0
335,280,105,35,35,0,0
335,315,105,35,35,0,0
335,0,140,35,35,0,0
335,35,140,35,35,0,0
335,70,140,35,35,0,0
335,105,140,35,35,0,0
335,140,140,35,35,0,0
335,175,140,35,35,0,0
335,210,140,35,35,0,0
335,245,140,35,35,0,0
335,280,140,35,35,0,0
335,315,140,35,35,0,0
335,0,175,35,35,0,0
335,35,175,35,35,0,0
335,70,175,35,35,0,0
335,105,175,35,35,0,0
335,140,175,35,35,0,0
335,175,175,35,35,0,0
335,210,175,35,35,0,0
335,245,175,35,35,0,0
335,280,175,35,35,0,0
335,315,175,35,35,0,0
335,0,210,35,35,0,0
335,35,210,35,35,0,0
335,70,210,35,35,0,0
335,105,210,35,35,0,0
335,140,210,35,35,0,0
335,175,210,35,35,0,0
335,210,210,35,35,0,0
335,245,210,35,35,0,0
335,280,210,35,35,0,0
335,315,210,35,35,0,0
335,0,245,35,35,0,0
335,35,245,35,35,0,0
335,70,245,35,35,0,0
335,105,245,35,35,0,0
335,140,245,35,35,0,0
335,175,245,35,35,0,0
335,210,245,35,35,0,0
335,245,245,35,35,0,0
335,280,245,35,35,0,0
335,315,245,35,35,0,0
335,0,280,35,35,0,0
335,35,280,35,35,0,0
335,70,280,35,35,0,0
335,105,280,35,35,0,0
335,140,280,35,35,0,0
335,175,280,35,35,0,0
335,210,280,35,35,0,0
335,245,280,35,35,0,0
335,280,280,35,35,0,0
335,315,280,35,35,0,0
335,0,315,35,35,0,0
335,35,315,35,35,0,0
335,70,315,35,35,0,0
335,105,315,35,35,0,0
335,140,315,35,35,0,0
335,175,315,35,35,0,0
335,210,315,35,35,0,0
335,245,315,35,35,0,0
335,280,315,35,35,0,0
335,315,315,35,35,0,0
336,0,0,35,35,0,0
336,35,0,35,35,0,0
336,70,0,35,35,0,0
336,105,0,35,35,0,0
336,140,0,35,35,0,0
336,175,0,35,35,0,0
336,210,0,35,35,0,0
336,245,0,35,35,0,0
336,280,0,35,35,0,0
336,315,0,35,35,0,0
336,0,35,35,35,0,0
336,35,35,35,35,0,0
336,70,35,35,35,0,0
336,105,35,35,35,0,0
336,140,35,35,35,0,0
336,175,35,35,35,0,0
336,210,35,35,35,0,0
336,245,35,35,35,0,0
336,280,35,35,35,0,0
336,315,35,35,35,0,0
336,0,70,35,35,0,0
336,35,70,35,35,0,0
336,70,70,35,35,0,0
336,105,70,35,35,0,0
336,140,70,35,35,0,0
336,175,70,35,35,0,0
336,210,70,35,35,0,0
336,245,70,35,35,0,0
336,280,70,35,35,0,0
336,315,70,35,35,0,0
336,0,105,35,35,0,0
336,35,105,35,35,0,0
336,70,105,35,35,0,0
336,105,105,35,35,0,0
336,140,105,35,35,0,0
336,175,105,35,35,0,0
336,210,105,35,35,0,0
336,245,105,35,35,0,0
336,280,105,35,35,0,0
336,315,105,35,35,0,0
336,0,140,35,35,0,0
336,35,140,35,35,0,0
336,70,140,35,35,0,0
336,105,140,35,35,0,0
336,140,140,35,35,0,0
336,175,140,35,35,0,0
336,210,140,35,35,0,0
336,245,140,35,35,0,0
336,280,140,35,35,0,0
336,315,140,35,35,0,0
336,0,175,35,35,0,0
336,35,175,35,35,0,0
336,70,175,35,35,0,0
336,105,175,35,35,0,0
336,140,175,35,35,0,0
336,175,175,35,35,0,0
336,210,175,35,35,0,0
336,245,175,35,35,0,0
336,280,175,35,35,0,0
336,315,175,35,35,0,0
336,0,210,35,35,0,0
336,35,210,35,35,0,0
336,70,210,35,35,0,0
336,105,210,35,35,0,0
336,140,210,35,35,0,0
336,175,210,35,35,0,0
336,210,210,35,35,0,0
336,245,210,35,35,0,0
336,280,210,35,35,0,0
336,315,210,35,35,0,0
336,0,245,35,35,0,0
336,35,245,35,35,0,0
336,70,245,35,35,0,0
336,105,245,35,35,0,0
336,140,245,35,35,0,0
336,175,245,35,35,0,0
336,210,245,35,35,0,0
336,245,245,35,35,0,0
336,280,245,35,35,0,0
336,315,245,35,35,0,0
336,0,280,35,35,0,0
336,35,280,35,35,0,0
336,70,280,35,35,0,0
336,105,280,35,35,0,0
336,140,280,35,35,0,0
336,175,280,35,35,0,0
336,210,280,35,35,0,0
336,245,280,35,35,0,0
336,280,280,35,35,0,0
336,315,280,35,35,0,0
336,0,315,35,35,0,0
336,35,315,35,35,0,0
336,70,315,35,35,0,0
336,105,315,35,35,0,0
336,140,315,35,35,0,0
336,175,315,35,35,0,0
336,210,315,35,35,0,0
336,245,315,35,35,0,0
336,280,315,35,35,0,0
336,315,315,35,35,0,0
337,0,0,35,35,0,0
337,35,0,35,35,0,0
337,70,0,35,35,0,0
337,105,0,35,35,0,0
337,140,0,35,35,0,0
337,175,0,35,35,0,0
337,210,0,35,35,0,0
337,245,0,35,35,0,0
337,280,0,35,35,0,0
337,315,0,35,35,0,0
337,0,35,35,35,0,0
337,35,35,35,35,0,0
337,70,35,35,35,0,0
337,105,35,35,35,0,0
337,140,35,35,35,0,0
337,175,35,35,35,0,0
337,210,35,35,35,0,0
337,245,35,35,35,0,0
337,280,35,35,35,0,0
337,315,35,35,35,0,0
337,0,70,35,35,0,0
337,35,70,35,35,0,0
337,70,70,35,35,0,0
337,105,70,35,35,0,0
337,140,70,35,35,0,0
337,175,70,35,35,0,0
337,210,70,35,35,0,0
337,245,70,35,35,0,0
337,280,70,35,35,0,0
337,315,70,35,35,0,0
337,0,105,35,35,0,0
337,35,105,35,35,0,0
337,70,105,35,35,0,0
337,105,105,35,35,0,0
337,140,105,35,35,0,0
337,175,105,35,35,0,0
337,210,105,35,35,0,0
337,245,105,35,35,0,0
337,280,105,35,35,0,0
337,315,105,35,35,0,0
337,0,140,35,35,0,0
337,35,140,35,35,0,0
337,70,140,35,35,0,0
337,105,140,35,35,0,0
337,140,140,35,35,0,0
337,175,140,35,35,0,0
337,210,140,35,35,0,0
337,245,140,35,35,0,0
337,280,140,35,35,0,0
337,315,140,35,35,0,0
337,0,175,35,35,0,0
337,35,175,35,35,0,0
337,70,175,35,35,0,0
337,105,175,35,35,0,0
337,140,175,35,35,0,0
337,175,175,35,35,0,0
337,210,175,35,35,0,0
337,245,175,35,35,0,0
337,280,175,35,35,0,0
337,315,175,35,35,0,0
337,0,210,35,35,0,0
337,35,210,35,35,0,0
337,70,210,35,35,0,0
337,105,210,35,35,0,0
337,140,210,35,35,0,0
337,175,210,35,35,0,0
337,210,210,35,35,0,0
337,245,210,35,35,0,0
337,280,210,35,35,0,0
337,315,210,35,35,0,0
337,0,245,35,35,0,0
337,35,245,35,35,0,0
337,70,245,35,35,0,0
337,105,245,35,35,0,0
337,140,245,35,35,0,0
337,175,245,35,35,0,0
337,210,245,35,35,0,0
337,245,245,35,35,0,0
337,280,245,35,35,0,0
337,315,245,35,35,0,0
337,0,280,35,35,0,0
337,35,280,35,35,0,0
337,70,280,35,35,0,0
337,105,280,35,35,0,0
337,140,280,35,35,0,0
337,175,280,35,35,0,0
337,210,280,35,35,0,0
337,245,280,35,35,0,0
337,280,280,35,35,0,0
337,315,280,35,35,0,0
337,0,315,35,35,0,0
337,35,315,35,35,0,0
337,70,315,35,35,0,0
337,105,315,35,35,0,0
337,140,315,35,35,0,0
337,175,315,35,35,0,0
337,210,315,35,35,0,0
337,245,315,35,35,0,0
337,280,315,35,35,0,0
337,315,315,35,35,0,0

[Icon_Inventory_Bag_On]
SetIndex: 527
ItemCount: 5
137,113,425,33,33,0,0
137,113,425,33,33,0,0
137,113,425,33,33,0,0
137,113,425,33,33,0,0
137,113,425,33,33,0,0

[Icon_Inventory_Bag_Off]
SetIndex: 528
ItemCount: 5
137,77,425,33,33,0,0
137,113,425,33,33,0,0
137,77,425,33,33,0,0
137,113,425,33,33,0,0
137,77,425,33,33,0,0

[Panel_Auto_Sale]
SetIndex: 529
ItemCount: 1
327,0,0,220,177,0,0

[Panel_Trade]
SetIndex: 530
ItemCount: 1
328,0,0,226,349,0,0

[Icon_Cargo_1_Off]
SetIndex: 531
ItemCount: 3
142,38,427,18,17,0,0
142,57,427,18,17,0,0
142,38,427,18,17,0,0

[Icon_Cargo_1_On]
SetIndex: 532
ItemCount: 3
142,57,427,18,17,0,0
142,57,427,18,17,0,0
142,57,427,18,17,0,0

[Icon_Cargo_2_Off]
SetIndex: 533
ItemCount: 3
142,77,427,18,17,0,0
142,96,427,18,17,0,0
142,77,427,18,17,0,0

[Icon_Cargo_2_On]
SetIndex: 534
ItemCount: 3
142,96,427,18,17,0,0
142,96,427,18,17,0,0
142,96,427,18,17,0,0

[Icon_Cargo_3_Off]
SetIndex: 535
ItemCount: 3
142,115,427,18,17,0,0
142,134,427,18,17,0,0
142,115,427,18,17,0,0

[Icon_Cargo_3_On]
SetIndex: 536
ItemCount: 3
142,134,427,18,17,0,0
142,134,427,18,17,0,0
142,134,427,18,17,0,0

[Panel_Character_Main]
SetIndex: 537
ItemCount: 1
305,0,133,290,75,0,0

[ProgressBar_Hp]
SetIndex: 538
ItemCount: 2
305,2,250,202,14,0,0
305,2,210,202,14,0,0

[ProgressBar_Mp]
SetIndex: 539
ItemCount: 2
305,2,267,202,14,0,0
305,2,227,202,14,0,0

[ProgressBar_Mount]
SetIndex: 540
ItemCount: 2
305,2,284,202,4,0,0
305,2,244,202,4,0,0

[Icon_Character_Class]
SetIndex: 541
ItemCount: 12
305,455,186,51,50,0,0
305,510,186,51,50,0,0
305,565,186,51,50,0,0
305,455,133,51,50,0,0
305,510,133,51,50,0,0
305,565,133,51,50,0,0
305,290,186,51,50,0,0
305,345,186,51,50,0,0
305,400,186,51,50,0,0
305,290,133,51,50,0,0
305,345,133,51,50,0,0
305,400,133,51,50,0,0

[Chat_Message_State]
SetIndex: 542
ItemCount: 1
305,310,240,290,18,0,0

[Chat_Message_Check]
SetIndex: 543
ItemCount: 3
305,540,100,58,18,0,0
305,540,100,58,18,0,0
305,540,100,58,18,0,0

[Chat_Message_Edit]
SetIndex: 544
ItemCount: 1
339,0,0,290,18,0,0

[ProgressBar_Hp_2]
SetIndex: 545
ItemCount: 2
340,0,0,202,14,0,0
340,0,20,202,14,0,0

[ProgressBar_Hp_3]
SetIndex: 546
ItemCount: 2
340,0,40,202,14,0,0
340,0,60,202,14,0,0

[ProgressBar_Hp_4]
SetIndex: 547
ItemCount: 2
340,0,80,202,14,0,0
340,0,100,202,14,0,0

[Icon_Inventory_Bag_Lock_On]
SetIndex: 548
ItemCount: 3
137,149,425,33,33,0,0
137,149,425,33,33,0,0
137,149,425,33,33,0,0

[Icon_Inventory_Bag_Lock_Off]
SetIndex: 549
ItemCount: 3
137,185,425,33,33,0,0
137,149,425,33,33,0,0
137,185,425,33,33,0,0

[Panel_Mission]
SetIndex: 550
ItemCount: 1
341,0,0,355,415,0,0

[Icon_Inventory_Delete]
SetIndex: 551
ItemCount: 3
441,0,0,274,348,0,0
441,0,0,274,348,0,0
441,361,54,283,308,0,0

[Panel_Empty]
SetIndex: 558
ItemCount: 1
309,257,449,255,63,0,0

[Icon_Jokenpo_Rock]
SetIndex: 559
ItemCount: 3
337,0,35,35,35,0,0
337,0,35,35,35,0,0
337,0,35,35,35,0,0

[Icon_Jokenpo_Paper]
SetIndex: 560
ItemCount: 3
337,35,35,35,35,0,0
337,35,35,35,35,0,0
337,35,35,35,35,0,0

[Icon_Jokenpo_Scissor]
SetIndex: 561
ItemCount: 3
337,70,35,35,35,0,0
337,70,35,35,35,0,0
337,70,35,35,35,0,0

